date,income,total,expence
2025/07/01,380,2824.99,0
2025/07/01,700,3524.99,0
2025/07/01,820,4344.99,0
2025/07/01,660,5004.99,0  
2025/07/02,0,2624.99,-2384.99
2025/07/03,60,2684.99,0
2025/07/04,66,2744.99,0
2025/07/05,30,2804.99,0
2025/07/06,20,2824.99,0
2025/07/07,40,2864.99,0  
2025/07/08,40,2904.99,0
2025/07/09,60,2964.99,0
2025/07/10,40,3004.99,0
2025/07/11,40,3044.99,0  
2025/07/12,940,3984.99,0  
2025/07/13,0,3984.99,0  
2025/07/14,20,4004.99,0  
2025/07/15,60,4064.99,0    
