Time,Solar_Used_Daily,Solar_Used_Weekly,Solar_Used_Total,Grid_Used_Daily,Grid_Used_Weekly,Grid_Used_Total
2025/08/14,0,0,0,10,10,10
2025/08/15,295,2.95,2.95,5.03,15.03,15.03
2025/08/16,1.53,4.48,4.48,1.61,16.64,16.64
2025/08/17,4.54,9.02,9.02,4.67,21.31,21.31
2025/08/18,3.73,12.75,12.75,2.39,23.7,23.7
2025/08/19,4.91,17.66,17.66,0.74,24.44,24.44
2025/08/20,1.8,19.46,19.46,0.53,24.97,24.97
2025/08/21,2.96,2.96,22.42,1.76,1.76,26.73
2025/08/22,2.76,5.72,25.18,1.69,3.45,28.42
2025/08/23,2.07,7.79,27.25,2.08,5.53,30.5
2025/08/24,3.73,11.52,30.98,2.42,7.95,32.92
2025/08/25,6.21,17.73,37.19,0.01,7.96,32.93
2025/08/26,8.52,26.25,45.71,2.17,10.13,35.1
2025/08/27,6.84,33.09,52.55,0.69,10.82,35.79
2025/08/28,4.9,4.9,57.45,0.03,0.03,35.82
